58
0
13
13
31
0
0
104
120
30
37
13
0
133
37
0
141
19
80
141
58
0
29
37
0
0
48
104
51
141
120
18
29
200
0
91
30
0
24
13
23
37
104
0
0
0
0
0
194
164
0
30
18
32
104
128
30
48
58
106
31
0
135
93
0
58
49
72
104
81
0
0
82
29
48
58
91
0
30
13
48
0
85
27
13
141
30
158
138
109
194
104
0
184
111
109
24
42
133
13
36
141
0
13
0
0
59
18
0
83
31
92
109
16
93
104
121
93
0
23
48
0
151
151
0
103
0
200
13
0
12
0
36
50
56
52
23
0
128
82
174
0
59
128
58
94
0
0
103
0
13
58
13
12
133
0
93
164
109
42
58
103
0
92
0
48
58
0
194
129
47
74
22
184
83
22
106
72
0
0
0
33
36
93
0
0
49
194
59
36
0
0
0
61
0
0
33
30
43
24
