200 200
10 15 9 20 5 3 13 15 16 7 17 20 3 5 5 14 2 19 15 7 13 7 15 14 20 14 2 2 9 3 17 4 20 18 14 15 14 20 19 10 5 8 6 18 14 6 2 20 8 19 11 5 1 14 19 20 15 10 19 20 8 15 12 3 9 9 15 6 11 15 11 5 19 20 6 5 4 8 5 17 6 17 16 6 9 3 8 11 3 17 11 19 10 20 17 16 13 18 9 4 17 4 4 2 7 4 19 15 8 14 19 1 19 3 8 19 19 6 7 7 4 11 5 5 15 1 6 20 13 17 14 18 7 15 2 15 12 15 11 2 3 20 8 19 4 11 5 8 16 16 6 19 3 9 8 16 6 11 14 19 13 16 12 8 10 9 16 1 19 9 1 11 8 19 17 13 13 9 5 17 18 16 2 4 8 18 2 13 7 17 5 17 20 13 9 5 2 1 16 3
16 24
22 25
20 26
20 25
6 8
21 26
25 26
11 26
9 20
19 25
10 14
20 21
25 26
8 24
7 10
25 26
7 26
3 4
1 8
7 25
16 25
22 26
8 10
7 10
24 26
23 26
17 24
11 24
3 7
7 20
9 25
17 18
8 10
1 24
24 25
13 23
19 20
21 22
14 15
20 24
18 19
10 14
11 25
24 25
23 25
21 25
21 23
22 26
2 20
2 18
21 22
19 20
17 18
11 14
11 20
7 19
19 23
17 24
16 23
1 11
6 8
25 26
5 18
7 16
24 25
16 25
1 5
15 26
11 23
12 19
21 26
22 26
14 24
8 10
17 25
16 21
13 25
25 26
19 21
20 23
17 22
22 25
8 16
10 13
20 26
7 25
19 21
2 17
6 19
10 22
2 26
11 22
24 26
3 24
7 18
10 25
5 6
8 12
8 26
20 23
18 25
7 23
25 26
20 26
25 26
24 26
15 19
17 18
21 24
4 12
6 8
4 13
10 20
1 2
3 12
11 22
6 18
7 16
23 25
18 19
17 23
25 26
6 20
6 20
24 26
8 18
24 26
1 21
20 25
23 26
12 13
24 26
18 22
7 12
11 16
14 18
18 19
21 23
1 14
14 24
4 24
22 25
15 19
1 14
16 25
12 26
21 23
23 24
8 18
25 26
20 26
16 25
20 26
12 13
8 26
21 26
5 14
2 18
1 12
15 18
16 24
6 16
22 24
4 13
24 25
17 23
16 22
24 26
2 26
5 17
6 10
11 18
12 14
3 24
7 15
11 13
1 11
9 16
22 26
21 25
23 25
13 15
18 25
3 12
25 26
24 26
1 5
2 22
15 19
18 20
21 23
22 26
25 26
13 18
21 26
25 26
13 15
19 23
13 16
8 9
