195
1777
0
0
1237
0
360
894
1126
137
0
1072
0
566
156
327
0
79
0
59
118
1430
0
0
475
0
0
694
14
0
0
598
378
1805
0
115
1407
1302
697
1337
0
0
300
470
0
663
1306
211
486
543
175
0
156
0
33
119
1624
787
971
228
1212
2000
0
1126
0
894
72
344
238
630
0
0
1601
1407
682
0
0
0
77
1824
464
861
96
1368
32
694
367
2000
712
639
1642
454
1175
582
1353
0
0
1233
0
0
1624
458
323
79
367
833
0
703
861
1744
0
175
155
259
0
585
582
1498
0
914
0
746
542
582
0
1178
516
582
0
414
617
97
861
348
1430
1733
811
0
0
828
884
1624
1140
268
1104
200
1087
0
0
717
1104
0
0
0
1087
0
948
581
304
0
0
0
1148
0
948
0
957
0
342
0
85
0
103
0
1013
1077
0
345
124
1305
602
103
1388
640
1426
310
461
486
552
59
1407
305
0
0
282
0
621
1521
742
0
597
364
1083
1362
599
327
0
0
215
367
345
507
0
0
711
0
1279
1126
0
79
0
127
599
0
0
0
195
118
1061
305
1214
1321
643
228
0
443
949
520
543
1777
0
459
0
0
787
0
1576
703
404
1147
0
502
0
0
844
404
259
33
703
540
1545
136
1029
0
0
605
0
368
475
0
0
540
137
0
190
676
367
33
948
376
135
105
446
0
1087
421
1777
1562
769
612
259
0
0
295
421
0
1315
844
0
195
387
0
894
0
0
1624
0
123
828
446
0
545
760
79
0
861
0
0
1719
0
0
228
271
762
861
0
593
599
325
0
1601
1541
1017
1867
363
486
463
103
0
175
0
0
87
0
137
1073
0
0
1799
747
703
502
1337
1368
1190
1549
124
0
1109
0
14
1576
1268
1624
345
282
1126
1128
0
829
367
0
0
663
1430
0
1363
156
507
0
599
137
155
0
0
0
0
1560
0
0
1315
250
0
1818
879
124
543
420
304
0
543
0
1449
0
1008
582
1279
0
1945
1061
1175
1254
1642
894
103
0
1843
582
1126
0
139
0
72
463
1474
891
0
0
1279
0
1072
0
127
858
0
757
304
0
139
0
404
0
1262
0
1966
0
266
520
0
304
1279
246
1087
1902
1257
103
741
0
345
0
0
103
0
1175
423
0
1476
0
1122
0
137
126
917
834
0
0
914
0
641
0
1642
0
14
716
0
599
144
520
323
0
0
543
520
844
0
374
89
0
954
0
