2000 500
58 92 57 58 13 33 14 72 74 74 20 53 49 91 78 4 64 76 77 83 15 64 34 95 83 28 36 67 43 23 40 84 88 81 52 37 43 98 25 30 97 88 28 42 39 12 84 29 21 25 6 51 91 65 29 79 90 28 55 47 96 22 84 52 44 49 53 41 96 59 87 87 47 76 1 39 5 11 47 19 41 85 1 81 14 71 12 98 13 18 23 95 38 36 68 46 13 20 40 54 11 20 12 90 73 86 94 35 60 73 3 93 90 49 82 33 28 10 61 68 64 25 19 30 4 87 14 99 8 50 77 82 37 98 48 25 50 88 10 80 24 93 52 73 92 68 21 18 83 16 90 41 10 1 70 25 67 13 36 22 100 20 8 79 29 15 75 10 39 20 35 68 92 47 62 85 64 87 70 74 38 7 77 5 7 98 90 72 42 62 84 90 14 41 93 23 84 45 37 70 96 45 40 88 64 55 30 90 10 81 97 15 27 43 36 87 77 25 70 51 18 56 41 18 1 86 76 8 69 72 79 33 64 20 41 12 54 50 22 88 61 86 86 18 55 26 6 80 53 54 86 94 91 37 18 55 38 85 49 87 29 87 75 26 11 64 6 95 71 71 99 46 69 98 6 7 5 42 99 84 38 19 62 16 64 16 65 53 56 37 53 91 15 30 2 51 30 25 15 86 46 42 93 2 80 78 35 29 62 86 23 99 50 82 6 27 82 22 57 72 12 27 10 14 52 85 33 10 5 79 100 82 5 28 97 98 96 45 6 14 89 95 82 97 1 98 38 81 60 26 6 68 86 77 93 62 40 13 74 76 43 31 9 33 20 72 5 11 73 47 100 16 23 56 52 85 60 19 66 23 59 44 56 4 49 62 23 96 82 89 99 57 41 44 70 43 4 30 43 89 96 29 43 40 39 61 1 41 87 58 75 84 78 36 47 14 62 58 2 100 95 29 10 1 54 47 96 38 45 35 2 15 4 26 49 42 54 86 69 79 33 22 67 50 22 75 23 64 76 34 52 74 30 30 13 87 27 58 45 61 66 66 37 11 30 6 76 69 28 84 24 80 70 48 95 23 6 80 20 94 36 53 71 5 84 67 7 37 32 31 63 7 36 11 42 31 94 30 2 51 56 50 34 99 100 98 92 92 51 44 15 46 41 39 77 3 93 24 27 69 60 42 4 29 98 7 36 36 7 53 50 6 47 93 67 62 9 30 40 37 85 41 74 31 16 80 37 94 96 33 75 44 95 29 78 63 65 97 7 90 6 59 28 71 44 63 56 91 9 68 73 18 43 57 38 64 41 89 31 91 77 35 82 54 15 62 7 64 92 73 75 25 18 60 23 38 36 62 99 83 5 54 1 87 34 88 40 62 87 77 91 30 97 85 12 98 81 100 97 78 12 71 24 45 92 29 9 15 50 98 94 6 24 2 26 11 77 8 50 81 19 13 61 30 16 80 97 10 52 36 35 63 61 4 38 53 72 2 73 33 87 89 3 28 20 15 55 47 61 71 34 9 88 64 37 65 9 63 33 28 73 21 56 4 82 63 1 26 53 73 83 42 91 37 24 53 62 94 52 71 85 73 59 41 39 90 31 93 53 22 80 57 83 67 14 37 96 53 29 76 59 68 60 12 41 17 16 92 88 62 25 79 86 56 20 7 39 11 67 95 35 89 99 9 8 83 76 50 58 20 2 19 3 6 2 32 97 86 70 55 54 79 66 51 80 74 19 41 81 80 21 3 16 9 84 63 68 72 26 19 5 58 68 38 57 35 26 9 89 7 16 24 72 25 51 90 50 26 15 12 12 40 17 36 96 37 24 37 5 98 96 3 8 39 72 23 12 96 32 77 86 28 77 15 12 13 68 18 93 57 72 92 74 64 96 68 50 41 80 81 52 53 66 19 16 10 24 96 89 92 33 14 3 70 77 86 73 50 25 41 8 86 50 92 28 18 12 89 26 98 38 20 99 58 100 67 17 31 70 54 96 23 59 58 90 67 36 60 5 5 42 56 4 45 9 26 64 68 71 12 49 99 56 78 94 28 79 3 6 42 84 25 31 82 24 63 75 66 78 64 16 37 23 74 96 14 41 72 58 2 91 1 15 44 88 19 77 39 61 99 19 60 8 13 53 24 86 1 91 88 23 27 44 74 21 65 9 14 70 51 13 6 42 76 28 82 52 74 7 32 59 50 66 79 17 17 76 29 91 6 46 39 55 85 42 64 70 15 38 80 52 19 90 26 42 73 98 68 3 13 72 70 98 69 32 6 14 14 69 10 29 21 55 62 63 6 29 92 19 97 56 25 12 68 69 6 25 83 80 70 88 38 49 50 20 24 40 90 73 80 63 74 78 81 74 17 61 65 74 65 5 7 7 35 100 57 93 12 6 51 96 5 29 26 38 58 83 67 23 97 33 27 11 85 93 75 65 41 98 4 8 51 6 21 10 16 73 52 26 78 49 73 14 64 5 20 98 48 57 6 88 98 26 7 20 40 14 75 66 45 59 69 17 83 88 75 58 80 16 87 57 63 70 69 43 83 64 70 78 31 100 64 45 82 24 36 27 62 61 8 53 25 22 9 45 88 62 20 50 49 79 67 98 88 97 38 63 10 54 58 49 48 83 91 18 8 27 37 55 35 6 56 79 50 69 44 93 18 92 29 95 61 48 31 52 100 42 42 61 6 87 6 76 66 89 49 33 88 67 3 85 7 1 85 35 3 11 61 89 57 21 94 72 32 37 25 80 11 65 19 2 74 75 36 78 49 24 27 91 6 44 62 25 19 82 80 54 76 59 54 12 50 43 95 6 84 28 27 65 25 10 2 21 31 63 8 68 22 71 61 35 95 22 14 70 38 33 81 44 10 23 17 71 68 33 96 93 23 4 23 84 43 69 39 95 71 57 88 46 4 30 10 82 98 66 27 41 64 86 48 84 52 78 15 61 44 83 48 68 96 41 63 69 60 14 98 8 32 34 75 7 75 49 19 55 67 2 36 81 54 58 25 95 98 32 84 39 41 65 25 8 64 19 71 43 64 38 70 19 66 71 36 32 11 60 21 52 71 59 18 59 95 11 79 40 52 61 92 49 79 35 49 64 66 82 41 50 40 43 97 25 99 2 12 28 85 76 98 77 85 66 85 34 4 27 95 20 35 1 82 58 46 98 33 97 82 6 68 31 35 87 73 1 41 37 79 60 92 27 22 43 97 46 49 55 55 100 45 15 74 24 63 62 87 8 40 2 76 67 51 14 21 4 47 59 40 78 49 83 28 90 19 2 8 26 94 30 86 76 53 4 10 2 19 10 9 66 88 56 85 73 91 82 67 80 18 89 94 95 69 10 14 25 96 81 97 28 7 22 33 13 31 47 62 3 30 42 48 93 79 38 28 96 28 80 4 17 12 49 9 91 28 8 33 77 52 81 52 43 14 19 86 89 42 10 90 95 84 25 1 19 6 69 66 8 69 40 24 65 99 75 72 33 11 74 29 36 4 77 10 90 37 66 3 95 40 30 6 47 5 80 27 98 77 77 5 50 60 21 12 23 8 12 48 87 44 56 75 76 88 50 14 27 9 35 67 70 27 21 95 57 84 87 78 24 24 97 32 88 15 35 83 7 87 40 44 88 87 97 70 19 27 55 88 37 29 50 91 4 92 3 88 58 18 81 3 47 27 6 8 27 51 55 13 45 36 18 80 32 74 30 46 39 31 57 36 40 99 61 14 68 14 4 93 47 75 90 45 61 57 55 43 68 24 45 38 84 43 10 20 83 35 74 24 55 62 60 39 20 57 11 4 18 23 59 67 86 87 67 8 48 3 33 20 78 58 24 27 55 11 22 77 5 44 46 91 39 69 7 52 61 48 98 57 54 69 8 73 73 62 20 25 67 41 39 39 88 77 1 71 99 69 99 70 91 39 14 91 7 88 51 48 43 48 42 66 96 21 68 87 67 7 80 23 62 99 78 8 32 48 79 27 9 97 60 32 35 64 41 1 26 75 83 74 83 41 61 82 13 35 31 66 27 35 72 90 57 93 30 48 73 68 15 42 93 59 67 6 62 1 11 23 82 70 4 22 59 43 88 86 51 87 92 77 15 94 75 42 60 90 14 91 7 9 93 64 11 11 52 48 100 64 1 88 74 36 85 96 84 77 86 20 43 73 56 96 86 68 62 28 95 48 59 79 61 11 84 29 36 88 92 26 6 7 43 21 83 54 11 13 71 32 4 54 6 8 2 79 100 13 93 83 34 37 64 34 65 14 84 42 54 84 35 85 34 52 28 44 3 24 34 100 26 72 21 20 34 61 83 95 9 16 55 12 33 22 6 23 78 33 18 62 38 77 4 80 74 92 37 72 15 70 49 61 63 25 35 44 72 88 90 55 37 43 88 9 61 14 32 23 24 81 94 81 41 32 28 47 80 54 41 13 15 64 60 49 20 27 34 16 85 29 61 52 4 20 97 33 4 83 99 88 64 15 15 52 66 1 46 99 74 40 37 8 12 65 45 55 39 81
91 102
11 127
124 137
104 110
19 81
137 145
42 61
56 113
43 119
94 151
123 131
46 102
149 151
66 93
93 120
53 69
144 147
97 121
111 113
6 7
73 78
28 104
147 148
149 150
57 80
138 148
144 147
18 52
100 121
113 132
144 148
47 77
29 48
2 91
120 145
58 63
29 127
35 124
36 71
33 124
138 146
115 117
72 86
37 61
149 150
68 121
28 94
83 92
77 115
74 136
92 149
106 135
93 136
120 150
99 111
70 75
19 121
62 110
52 125
89 123
29 90
1 121
137 140
43 137
130 145
56 147
92 95
4 19
75 86
11 41
130 145
122 141
20 119
29 135
21 55
139 146
144 148
130 132
52 55
2 92
74 96
58 117
92 96
31 103
59 60
34 69
83 143
1 124
52 87
36 68
18 103
31 54
41 129
72 138
32 145
121 151
146 150
38 147
102 149
116 143
19 126
63 85
85 128
97 142
83 102
47 88
146 150
66 116
58 106
11 98
138 143
92 101
45 53
88 113
113 115
59 87
72 144
25 150
119 145
55 142
138 149
64 107
10 36
72 134
138 143
10 69
58 83
72 119
107 120
80 99
15 45
71 75
58 131
74 90
28 135
13 122
37 78
115 127
125 128
60 143
50 94
19 117
8 65
87 99
44 133
88 97
45 107
110 130
122 123
65 146
44 115
145 146
133 146
116 123
45 128
138 148
53 105
69 97
86 142
141 150
143 145
116 134
28 86
138 146
53 104
123 134
24 72
107 147
59 75
145 148
67 70
136 137
96 119
118 138
4 53
38 92
146 149
84 105
95 145
13 79
11 40
96 127
13 83
69 100
20 91
46 62
75 97
77 146
19 45
98 144
29 143
50 65
136 143
129 148
87 130
143 151
50 81
24 108
48 85
133 147
61 89
16 34
30 85
16 85
71 123
18 33
135 147
113 136
90 124
83 133
84 151
68 92
112 139
106 136
26 62
137 144
36 122
43 118
118 121
97 103
137 147
35 40
71 127
128 137
135 140
133 140
91 119
43 49
47 103
75 89
14 75
16 83
4 34
89 142
110 144
71 92
32 80
75 113
74 150
11 137
114 128
28 51
150 151
106 147
62 108
115 134
21 121
66 119
81 142
42 108
141 151
76 130
107 138
113 146
59 108
81 118
88 149
99 134
66 104
44 72
23 146
91 97
49 125
123 147
113 129
10 39
149 151
50 68
71 94
137 143
129 139
35 62
94 128
143 145
33 41
44 79
83 144
99 138
53 117
1 18
11 17
82 86
79 105
127 139
45 149
51 72
11 118
21 99
60 97
40 71
48 61
104 134
138 143
69 83
66 86
146 151
34 140
59 108
103 108
91 141
82 147
111 117
56 106
101 117
119 143
19 113
104 136
94 99
60 117
79 145
141 150
54 81
42 81
97 101
116 125
58 100
101 104
135 147
8 94
105 116
147 148
89 137
65 78
63 109
58 115
123 147
41 71
71 102
75 90
115 150
20 132
12 89
22 73
7 115
14 31
77 105
78 131
96 135
102 125
92 109
117 146
111 123
53 57
139 140
94 116
45 99
106 142
133 145
10 141
31 69
66 106
76 136
33 103
31 143
13 73
11 88
95 112
101 115
38 94
136 148
100 108
21 142
7 70
19 107
84 113
87 145
43 101
30 87
127 129
34 76
83 127
101 135
140 148
68 109
28 136
137 138
3 70
93 130
31 57
147 149
71 111
94 109
35 41
145 146
116 144
147 149
140 147
22 137
143 144
118 129
34 146
82 93
118 140
9 138
57 140
95 128
74 113
62 82
86 109
126 146
74 135
125 135
19 91
120 150
50 118
72 124
36 121
111 144
4 109
47 102
41 111
9 72
18 123
56 144
96 100
149 150
8 119
72 136
43 108
119 129
66 72
103 139
23 25
78 108
6 79
5 48
112 140
145 149
36 125
139 150
46 141
120 147
8 13
25 68
131 147
47 85
86 141
147 150
45 52
105 132
81 150
144 146
24 87
113 147
2 99
137 147
84 96
71 96
109 141
86 137
36 113
60 71
45 143
6 125
37 109
96 143
59 95
106 134
84 122
137 143
145 151
96 147
150 151
41 128
35 56
110 143
8 82
114 117
18 74
131 141
94 124
19 24
6 50
52 93
145 146
123 137
55 137
139 142
30 63
114 151
18 149
125 131
100 120
33 69
106 114
71 105
18 24
75 131
85 150
141 147
148 150
74 110
75 151
59 132
141 148
24 41
96 99
119 125
6 52
138 151
